CommunityID
24
2
24
8
24
2
8
2
24
24
24
24
24
24
50
50
24
50
24
24
6
2
47
2
2
24
202
8
24
6
8
2
6
8
202
24
8
8
50
2
267
268
88
24
73
24
2
24
31
24
63
68
82
2
349
4
109
6
24
94
2
24
50
8
8
24
24
267
24
43
24
271
64
6
189
8
8
56
6
2
24
6
6
221
119
321
24
50
73
56
6
6
135
6
56
6
24
107
6
24
205
216
120
275
8
8
343
6
24
301
18
133
10
24
64
6
8
219
31
8
267
2
116
62
413
114
6
8
24
364
24
3
239
183
6
6
24
8
105
217
250
324
90
202
50
18
24
147
78
87
2
47
88
363
266
8
2
2
102
8
6
160
141
361
8
6
24
354
27
2
190
252
294
221
359
140
24
6
7
185
98
206
281
2
135
6
111
6
50
24
50
24
24
68
39
17
106
8
235
24
24
267
107
7
8
104
8
8
38
72
6
30
2
89
50
24
8
78
83
336
6
24
58
67
212
2
160
216
84
6
6
351
24
50
6
220
24
24
25
184
317
113
24
140
24
24
2
8
8
8
24
218
50
324
8
8
24
8
173
6
249
324
6
30
283
7
6
33
24
337
189
6
6
324
67
158
24
253
372
8
50
30
30
6
35
197
243
2
47
8
371
290
24
164
2
259
2
8
6
222
6
24
50
340
204
54
51
50
24
50
2
225
414
24
24
85
233
24
50
8
8
2
6
370
7
297
8
50
2
8
50
167
57
24
56
203
368
41
2
335
8
24
353
2
53
8
276
50
24
241
2
6
73
6
27
251
218
174
367
2
5
6
8
21
121
2
369
2
6
39
336
130
2
185
24
6
209
50
112
8
8
81
329
101
293
6
36
8
8
50
158
2
8
256
2
50
46
346
61
91
24
136
24
82
2
172
227
271
24
2
4
24
24
30
233
247
8
8
41
8
54
8
87
327
333
230
127
228
32
50
196
324
2
2
318
24
190
2
6
6
11
365
24
292
52
255
42
8
175
6
200
8
8
300
50
41
2
279
24
68
46
8
298
8
27
2
50
8
206
353
4
354
8
286
147
227
24
13
6
8
2
8
254
68
303
8
24
50
123
366
347
8
248
50
8
108
8
72
24
80
137
299
150
2
24
4
132
8
24
208
87
69
24
70
50
276
6
8
5
31
8
31
153
362
266
30
8
50
8
346
28
178
37
8
29
2
2
317
352
50
327
24
8
8
66
8
277
258
142
255
50
57
2
325
95
38
50
315
2
8
2
224
2
52
8
326
249
6
2
33
81
1
162
118
8
331
50
90
116
32
24
24
91
331
2
24
138
415
29
336
50
179
144
24
9
360
24
24
111
8
181
2
241
332
126
8
80
12
8
8
416
2
242
31
124
24
6
154
91
24
50
2
146
24
8
2
8
50
261
195
130
339
2
192
358
31
150
6
340
211
270
24
60
8
102
8
24
77
106
356
8
215
137
77
282
6
2
8
109
8
334
357
341
24
322
8
8
349
8
1
180
6
50
229
24
24
24
6
6
8
417
24
157
341
14
285
127
48
2
6
8
24
31
329
2
6
2
226
2
104
160
2
240
97
8
321
31
163
24
8
50
309
244
1
195
262
209
64
411
84
8
8
83
342
257
73
6
410
117
35
20
110
57
412
196
199
114
24
350
232
8
285
213
3
191
8
8
8
24
135
8
24
8
24
48
409
273
2
408
89
8
305
8
8
6
8
342
24
2
260
22
406
8
50
24
8
110
418
2
405
24
185
24
21
2
302
94
2
8
2
50
6
2
2
166
8
30
8
306
8
347
136
24
223
330
76
264
403
63
123
108
404
2
407
101
77
8
24
24
231
8
63
2
402
401
22
256
2
2
8
399
89
286
12
24
33
274
50
30
2
419
265
5
328
8
75
398
32
64
2
50
331
124
8
400
420
8
2
8
8
23
8
312
64
226
6
6
6
175
3
92
8
104
207
397
40
6
51
295
8
8
56
7
155
44
92
50
198
165
193
50
115
122
201
396
6
49
66
339
51
2
24
120
78
326
2
8
2
280
40
2
8
2
129
11
2
308
238
310
8
8
164
34
22
54
171
207
24
314
8
116
2
24
72
310
24
129
335
15
34
24
7
323
16
97
48
6
272
49
59
289
2
338
394
22
7
50
2
210
115
6
246
392
24
304
24
3
2
62
2
18
182
313
131
50
8
393
24
24
24
316
260
8
320
30
8
79
391
8
351
8
86
237
390
2
8
65
8
389
37
2
236
8
24
284
24
24
24
8
128
134
79
264
8
124
187
50
59
26
8
53
194
319
387
60
8
50
6
8
355
15
8
8
37
333
24
8
220
6
93
122
6
24
2
74
345
8
24
388
24
421
168
31
344
6
315
151
25
177
137
33
50
386
2
167
234
8
2
8
269
257
23
31
45
46
24
24
2
6
30
328
161
30
58
6
75
8
47
245
9
8
263
14
14
2
348
395
24
28
69
8
44
385
8
152
24
8
6
6
231
22
58
315
31
156
24
24
96
103
74
2
8
43
11
24
24
2
243
108
135
31
383
2
8
98
384
287
5
50
8
8
295
2
6
17
31
22
8
319
36
382
190
99
8
24
2
96
8
237
238
24
8
71
280
8
2
2
86
8
8
328
24
50
71
110
24
288
278
65
48
24
11
149
8
26
2
71
122
296
8
93
2
24
214
79
2
187
101
96
2
188
186
49
50
125
6
346
6
316
380
2
71
381
170
145
24
24
18
24
2
325
50
8
2
148
159
311
113
254
50
8
2
8
263
2
126
6
376
377
8
378
288
24
2
2
24
45
50
2
379
93
96
8
22
125
55
24
76
16
6
375
8
24
345
8
6
8
8
8
6
129
35
2
24
374
307
8
8
123
19
139
8
348
269
8
8
24
33
291
50
84
50
2
269
24
31
169
356
31
2
176
2
8
44
50
100
2
24
2
2
291
6
8
2
19
8
373
6
8
50
176
24
100
2
8
143
24
2
24
8
2
2
2
2
146
8
2
8
8
24
50
24
6
94
24
6
24
6
24
189
202
267
46
24
6
49
321
268
18
47
205
120
219
343
301
10
6
6
8
31
202
114
8
364
169
8
239
183
24
250
50
6
363
102
160
46
141
361
88
133
354
27
130
252
359
24
7
31
63
281
192
22
17
6
25
24
38
6
8
78
67
212
84
43
91
8
294
324
8
6
259
337
253
372
104
34
197
106
171
371
290
144
222
107
204
283
321
6
85
265
6
370
24
203
368
224
335
56
194
31
27
2
422
251
303
174
367
6
5
13
121
369
87
39
24
8
77
95
329
293
352
64
8
6
297
58
349
8
172
227
109
4
30
69
8
327
333
216
230
127
32
24
6
365
3
50
292
52
31
42
6
33
200
300
41
90
11
279
43
298
6
8
366
248
82
130
80
299
30
69
39
70
190
24
6
153
362
28
178
37
85
29
6
24
139
42
225
277
258
24
310
325
235
24
2
117
81
31
162
118
331
247
8
138
24
17
9
360
201
181
126
2
8
50
24
13
8
261
112
109
339
358
133
340
53
270
18
31
5
215
6
282
6
8
357
341
52
6
322
10
2
142
83
162
6
309
105
6
97
163
9
244
262
275
411
24
342
6
410
119
348
20
50
412
208
199
111
117
409
273
408
136
6
319
50
406
92
405
21
6
306
50
232
166
6
8
317
332
347
223
330
76
1
149
155
105
229
403
404
80
407
132
334
402
401
399
12
75
398
24
95
184
400
296
180
23
307
312
289
8
397
198
24
193
86
396
338
3
2
9
326
112
40
308
8
246
355
240
54
62
423
8
8
50
129
8
24
15
1
16
8
24
272
8
394
55
210
392
8
61
304
314
50
182
131
393
280
318
191
343
320
102
20
79
391
242
24
390
330
51
8
389
37
236
284
50
8
128
134
279
59
26
8
217
50
194
387
60
8
24
15
58
264
24
103
14
2
93
99
2
388
316
113
24
344
151
177
386
70
8
57
234
24
211
45
31
2
64
8
161
302
245
165
30
35
395
61
385
152
48
173
313
322
74
2
214
11
154
8
8
159
122
6
383
188
209
8
98
384
6
287
2
22
70
213
36
382
99
62
286
322
209
100
2
71
305
8
24
318
288
50
323
278
8
37
169
8
186
103
133
8
8
2
2
179
380
381
170
145
323
18
156
2
2
148
24
11
50
50
74
376
377
125
168
254
378
350
379
8
128
375
228
8
2
22
316
48
6
374
8
8
274
24
291
8
157
24
88
50
50
65
63
8
55
44
311
6
50
2
2
8
19
424
373
143
2
2
2
7
2
2
24
320
2
